SplitterH.X=912.640137
SplitterH.Y=0.000000
SplitterH.Height=1137.000000
ViewportType3=0
SplitterH.Width=20.000000
CameraSpeedScalar3=0.198000
SplitterV.X=0.000000
SplitterV.Width=1920.000000
CameraSpeedScalar2=1.000000
SplitterV.Y=538.863281
SplitterV.Height=20.000000
PerspectiveCameraRotX2=0.000000
ShowFlag1=31
CameraSpeedSetting0=1
CameraSpeedScalar0=0.198000
GridSize0=10.000000
PerspectiveCameraRotY2=22.499990
PerspectiveCameraLocX0=-0.978966
PerspectiveCameraLocY0=-1.987847
PerspectiveCameraLocZ0=2.011296
ShowFlag3=31
CameraSpeedSetting2=1
PerspectiveCameraRotX0=0.000000
PerspectiveCameraLocX2=-4.428598
PerspectiveCameraRotY0=38.799652
PerspectiveCameraRotZ0=-634.800598
PerspectiveCameraRotX3=0.000000
CameraSpeedSetting1=1
ShowFlag0=31
bMutiView=0
ViewMode0=0
ViewportType0=0
CameraSpeedScalar1=0.198000
GridSize1=10.000000
PerspectiveCameraRotY3=18.399979
PerspectiveCameraLocX1=-1.046393
ScreenHeight=3
PerspectiveCameraLocY1=-9.798364
PerspectiveCameraLocZ1=11.702099
CameraSpeedSetting3=1
ShowFlag2=31
PerspectiveCameraRotX1=0.000000
PerspectiveCameraLocX3=-16.136786
PerspectiveCameraRotY1=9.800021
PerspectiveCameraRotZ1=-996.095642
ViewMode1=0
ViewportType1=0
GridSize2=10.000000
PerspectiveCameraLocY2=-5.641190
PerspectiveCameraLocZ2=11.338686
PerspectiveCameraRotZ2=43.400013
ScreenWidth=3
ViewMode2=1
ViewportType2=0
GridSize3=10.000000
PerspectiveCameraLocY3=13.125278
PerspectiveCameraLocZ3=9.274737
PerspectiveCameraRotZ3=-2213.606934
ViewMode3=0
OrthoZoomSize=6.399995
ActiveViewportIndex=3
OrthoPivotX=2.750014
OrthoPivotY=1.050014
OrthoPivotZ=-0.450004
